27.2
27.3
32.1
34.5
34.6
39.4
44.2
49
53.8
58.6
63.4
68.2
77.8
87.3
94.5
101.7
108.9
111.3
118.4
123.2
130.4
135.2
142.4
147.2
149.6
151.9
154.3
159.1
161.5
168.7
173.5
180.6
190.2
197.4
204.5
211.7
218.9
223.7
230.8
238
242.8
247.5
249.9
254.7
261.9
269.1
281
283.4
290.6
297.8
304.9
312.1
316.9
324.1
331.2
338.4
343.1
345.6
352.7
357.5
359.9
364.7
371.9
376.7
381.5
386.3
395.8
398.2
407.8
412.6
419.7
426.9
431.7
436.5
443.6
450.8
455.6
458
465.2
467.6
474.9
474.9
479.7
484.6
487
487
484.7
479.9
475.2
468.1
465.7
458.6
451.5
446.8
442.1
442.1
437.4
427.9
427.9
430.4
435.2
442.3
451.9
459
468.5
478.1
485.3
490
497.2
504.3
513.9
518.6
532.9
542.5
552
563.9
573.5
583
594.9
602.1
614
621.1
628.3
637.8
647.3
656.9
666.4
678.3
687.9
697.4
704.6
707
718.9
728.5
735.7
742.8
738.1
738.1
747.7
750.1
754.9
754.9
745.4
745.5
745.5
735.9
736
724.1
719.3
712.2
705.1
702.7
700.4
688.5
679
676.6
669.5
667.1
660
655.3
643.4
636.2
629.1
619.6
614.9
612.5
610.1
595.8
595.8
593.5
581.6
572.1
564.9
555.4
550.7
545.9
543.5
536.4
534
526.9
519.8
515
510.3
503.2
498.4
491.3
486.6
479.4
477.1
472.4
470
470
470.1
470.1
470.1
463
460.7
470.3
467.9
468
463.3
458.5
458.5
458.6
458.7
468.2
468.2
470.7
473.1
473.1
475.5
475.5
485
482.8
499.4
501.9
501.9
501.9
502
502
502
504.4
506.8
509.2
518.8
509.2
506.9
506.9
511.7
514.1
516.5
521.2
528.4
530.8
533.2
540.4
545.2
552.4
559.5
564.3
550.1
538.2
545.4
545.4
531.2
526.4
526.5
547.8
550.2
550.2
540.7
531.2
528.9
521.7
509.9
507.5
505.2
488.5
488.6
488.6
474.3
462.4
452.9
443.4
441
429.1
424.4
412.5
407.7
398.3
395.9
388.8
384
379.3
376.9
360.3
348.4
348.5
358
358
341.4
339.1
334.3
327.2
336.7
341.5
341.6
348.7
346.4
313.1
310.7
308.3
306
298.9
294.2
294.3
294.3
287.2
275.3
275.4
258.8
251.7
239.8
232.7
235.2
251.8
251.9
235.2
228.1
221
213.8
211.4
209.1
204.3
194.8
190.1
185.3
178.2
175.9
178.3
180.7
190.2
190.2
190.2
180.8
178.4
178.4
178.4
173.7
166.6
164.2
161.8
166.6
169
169.1
166.7
159.6
152.4
147.7
142.9
135.8
133.4
131.1
126.3
126.3
131.1
133.5
135.9
140.7
145.4
150.2
150.2
150.2
152.7
152.7
133.7
128.9
119.4
114.7
112.3
105.2
102.8
102.9
100.5
93.4
100.6
105.3
110.1
114.9
122
129.2
134
134
131.7
117.4
112.7
105.6
103.2
100.8
105.6
105.6
112.7
122.3
122.3
124.7
131.8
136.6
150.9
155.6
167.6
167.7
146.2
151
160.5
170.1
174.8
182
196.3
179.7
170.2
163.1
172.6
177.4
182.1
191.7
203.6
210.7
220.3
234.6
237
206.1
199
179.9
191.8
201.4
208.5
218.1
227.6
234.7
237.1
241.9
246.7
256.3
263.4
268.2
275.4
282.5
292
299.2
299.3
294.5
292.2
304.1
304.1
306.5
306.5
313.7
320.9
325.6
335.2
351.9
351.9
371
373.3
378.1
380.5
373.5
373.5
387.8
387.8