29.1
29.1
31.6
31.7
34.1
34.1
34.1
34.1
36.5
36.5
43.7
46.2
46.3
53.4
53.4
53.4
53.5
55.9
55.9
60.7
60.7
72.7
72.7
87.2
96.7
103.9
111.1
115.9
120.7
123.1
127.8
132.6
139.8
142.2
147
151.7
154.2
158.9
163.7
173.3
182.8
182.8
190
197.2
204.4
209.2
218.7
221.1
228.3
235.5
245
247.4
254.6
261.8
268.9
268.9
273.7
276.1
285.7
288.1
295.2
302.4
302.4
307.2
312
316.8
319.2
321.6
331.1
338.3
343.1
345.5
352.7
352.7
362.3
367.1
369.4
374.2
379
383.8
388.6
393.4
400.6
405.4
412.6
417.3
422.1
429.3
431.7
436.5
441.3
446
450.8
453.3
460.5
465.3
465.3
465.3
465.4
465.4
467.9
470.3
470.3
470.3
468
465.7
458.6
456.2
453.8
446.7
439.6
439.6
437.3
432.6
430.2
420.7
427.9
432.7
437.5
442.3
447.1
454.3
456.6
463.8
470.9
475.7
478.1
490
499.6
509.1
521
530.6
537.7
544.9
552
561.5
568.7
575.9
583
590.2
597.3
604.5
611.6
621.2
630.7
637.9
647.4
652.1
656.9
661.7
668.8
671.2
678.4
683.2
688
695.1
697.5
699.9
707.1
709.5
711.9
711.9
711.9
707.2
707.2
707.3
707.3
702.6
697.8
697.9
690.7
688.4
686
678.9
676.5
671.8
664.7
659.9
652.8
648.1
638.5
631.4
624.3
619.6
610
602.9
595.8
588.7
581.5
567.3
557.8
548.3
541.1
534
519.7
512.6
505.5
503.1
498.4
488.9
481.8
469.9
469.9
467.6
462.9
458.2
455.8
455.8
455.9
455.9
453.6
446.5
448.9
458.5
460.8
460.9
460.9
446.7
441.9
449.1
458.7
458.8
458.8
456.5
458.9
466.1
475.6
478
478.1
485.3
487.7
494.9
499.6
506.8
499.7
497.3
502.1
502.2
518.9
514.1
511.8
511.8
523.7
523.7
519
514.3
514.3
521.5
523.9
531.1
535.9
524
512.1
505
497.9
507.4
509.8
512.2
502.7
498
490.8
488.5
483.7
483.8
479
476.6
474.3
471.9
469.5
457.7
450.5
445.8
436.3
429.1
424.4
417.2
407.7
405.3
398.2
383.9
379.2
376.8
372.1
367.3
367.3
367.3
367.4
365.1
355.6
355.6
355.7
355.7
355.7
348.7
336.8
334.4
325
320.2
317.8
308.3
308.4
303.7
296.6
294.2
291.9
280
275.2
280.1
258.7
254
254
268.2
277.7
273
258.8
249.3
256.5
244.6
244.6
244.6
235.2
247.1
235.2
228.1
228.1
223.4
218.6
206.7
204.3
204.4
202
199.6
202.1
204.4
206.8
209.2
204.5
197.4
190.2
178.4
173.6
168.9
176.1
176.1
166.6
166.6
166.6
166.7
166.7
166.8
157.3
147.7
147.7
143
133.5
133.6
143.1
150.3
150.3
147.9
138.4
133.7
124.2
119.4
117.1
112.4
112.4
114.8
119.6
122
124.4
126.8
129.3
131.7
136.5
138.9
141.4
150.9
158.1
160.5
167.7
177.2
177.2
182
189.2
196.3
203.5
215.4
217.8
206
203.6
210.7
220.3
225.1
237
215.6
206.1
196.6
180
191.9
199
206.2
213.3
222.9
234.8
249.1
256.2
263.4
272.9
277.7
282.5
292
301.5
315.8
299.3
311.1
304
299.3
294.5
287.4
282.6
287.4
296.9
301.7
304.1
306.5
313.6
318.4
323.2
325.6
325.6
332.8
332.8
339.9
344.7
349.5
354.2
359
363.8
363.8
378.1
378.1
390.1
390.1
390.1
383
148.5
143.7
43.8
65.5