29
29.1
29.2
31.6
34.1
36.5
39
41.4
43.9
46.3
53.5
55.9
58.4
60.7
63.2
65.6
65.6
72.8
75.2
75.2
77.6
77.6
77.6
82.4
82.4
84.8
92
94.4
101.6
106.3
120.7
118.3
123.1
125.5
125.5
135
139.8
151.8
154.2
154.2
159
161.4
166.1
170.9
173.3
182.9
187.6
190.1
194.8
199.6
206.8
218.8
223.5
228.3
240.3
245.1
249.8
254.6
259.4
264.2
269
273.7
283.3
288.1
295.3
302.4
314.4
328.7
333.5
333.5
340.7
343.1
350.3
355.1
357.5
362.2
364.6
371.8
381.4
386.2
390.9
395.7
400.5
405.3
417.3
419.7
424.5
431.6
441.2
446
453.1
457.9
460.3
467.5
469.9
472.3
474.7
477.1
477.1
481.9
484.3
486.7
486.7
486.7
489.1
494
494
496.4
496.4
498.8
498.8
503.6
503.6
503.7
503.7
499
491.9
487.1
482.4
482.4
480
470.6
470.6
468.2
465.8
465.9
461.1
458.8
458.8
458.8
458.8
458.9
458.9
459
461.4
461.4
473.3
478.1
482.8
497.1
494.7
487.6
501.9
511.5
516.2
528.2
535.3
556.8
549.6
542.5
580.6
571.1
566.3
594.9
606.8
599.7
616.4
621.1
628.3
637.8
647.4
656.9
671.2
666.4
680.7
690.3
699.8
718.9
726.1
726.1
726.1
726.2
728.6
731
731.1
731.1
731.1
719.3
714.6
705.1
698
690.8
686.1
676.6
669.5
652.8
648.1
631.5
622
619.6
614.8
605.3
593.5
581.6
572
545.9
543.5
536.4
519.8
512.6
507.9
500.8
496
486.6
481.8
481.8
479.5
477.1
470
465.3
465.4
467.8
467.8
470.2
472.6
472.6
470.4
470.4
470.4
470.4
463.3
458.6
458.6
458.6
468.2
473
477.7
477.8
475.4
477.9
477.9
477.9
477.9
487.5
492.3
499.4
504.2
501.9
499.6
499.6
499.6
506.8
521.1
511.6
535.4
537.8
533.1
530.7
528.4
530.8
535.6
538
535.6
533.3
535.7
533.3
542.9
547.7
550.1
554.9
554.9
554.9
538.3
538.3
538.3
536
531.2
519.4
519.4
512.3
502.8
500.4
500.4
491
483.8
481.5
479.1
469.6
457.7
450.6
443.4
431.5
422
414.9
410.1
403
395.9
393.5
388.8
384
379.3
372.1
367.4
362.7
362.7
360.3
360.4
353.3
350.9
346.2
343.8
341.5
343.9
341.5
348.7
332.1
310.7
308.3
308.4
313.2
310.8
313.2
310.8
301.4
299
296.7
296.7
296.8
287.3
287.3
287.3
287.3
282.6
277.9
273.2
266.1
261.3
256.6
251.8
242.3
237.6
232.8
225.7
218.6
213.8
209.1
204.4
197.2
187.7
183
180.6
180.6
180.6
197.3
194.9
187.8
185.4
206.8
218.8
225.9
225.9
216.4
206.9
199.8
192.7
185.6
178.4
178.4
180.8
180.9
185.6
185.7
188.1
178.7
173.9
166.8
162
157.3
152.5
150.2
150.2
150.2
152.6
157.4
159.8
162.2
167
167
162.2
152.7
140.9
138.5
121.9
131.4
124.3
110
105.2
100.5
98.1
110.1
114.9
129.2
124.4
122
133.9
143.5
157.8
169.7
167.3
162.6
157.9
148.4
143.6
131.7
119.8
115.1
110.3
112.7
122.3
129.5
148.5
160.5
162.8
162.8
158.1
155.7
163
172.5
182.1
186.8
191.6
194
198.8
198.8
198.9
196.6
201.4
208.5
213.3
234.8
239.6
244.4
253.9
258.7
265.9
282.6
287.4
292.2
294.6
301.7
311.3
316.1
325.6
340
342.4
349.5
361.5
368.7
363.9
373.5