33.7
26.6
26.6
26.7
29.1
29.1
29.1
29.2
26.8
34
34
38.8
43.6
34.1
57.9
36.5
38.9
38.9
48.4
53.2
48.5
58.1
65.2
62.9
62.9
65.3
72.5
72.5
70.1
58.2
77.3
82.1
84.5
91.7
96.5
98.9
110.8
106.1
113.2
113.2
120.4
113.3
125.2
130
120.5
134.8
134.8
142
151.6
156.4
161.1
161.1
168.3
173.1
177.9
177.9
182.7
192.2
187.5
192.2
199.4
206.6
213.8
206.6
216.2
223.3
220.9
225.7
235.3
232.9
244.8
244.8
247.2
256.8
252
264
256.8
266.4
271.1
275.9
283.1
280.7
287.8
295
295
307
299.8
311.7
321.3
316.5
326.1
330.8
335.6
342.8
345.2
354.7
357.1
364.3
371.5
373.9
378.7
381.1
385.9
390.7
393.1
400.2
402.6
412.2
419.4
424.2
431.4
445.7
440.9
443.3
450.5
445.7
450.5
457.7
462.5
469.6
464.9
469.7
474.5
469.7
479.3
484.1
484.1
493.6
493.6
491.3
488.9
496.1
498.5
503.3
503.3
510.5
508.1
517.7
522.4
522.5
522.5
522.6
527.4
527.4
527.4
527.5
527.5
525.1
522.8
520.5
522.9
522.9
527.8
535
544.6
556.5
570.9
580.4
592.4
611.4
599.5
628.1
616.2
642.4
668.7
656.8
690.1
709.2
695
716.5
733.1
723.6
728.4
749.9
730.9
731
757.2
733.4
733.4
740.6
757.3
743
743.1
738.3
747.9
726.5
733.7
717
714.7
724.2
700.5
693.4
693.4
672
686.3
669.6
669.7
662.5
653
631.6
638.8
624.5
619.7
605.5
595.9
586.5
610.3
577
600.8
569.8
565.1
562.8
562.8
558
558
553.3
553.3
553.3
558.1
551
548.7
548.8
548.8
548.8
548.9
548.9
551.3
548.9
548.9
548.9
549
549
549
549
549.1
549.1
549.1
556.3
549.2
561.2
558.8
563.6
563.6
544.5
563.6
566
566
566.1
570.8
568.5
575.7
575.7
575.7
575.8
578.2
580.6
585.5
583.2
583.2
583.3
583.3
583.3
581
578.7
576.3
574
571.6
571.6
566.9
562.2
562.2
559.9
555.1
550.4
548.1
545.7
541
536.3
531.6
536.3
526.9
522.1
517.3
510.2
507.9
503.1
496
498.4
491.3
486.5
467.5
484.2
479.4
472.3
465.2
460.4
450.9
443.8
441.4
431.9
424.8
417.7
410.5
403.4
393.9
384.4
377.3
377.3
370.2
367.9
360.7
358.4
351.2
344.1
339.4
339.4
337.1
332.3
330
322.9
320.5
315.8
311
301.6
301.6
304
301.7
299.3
294.6
292.2
289.8
285.1
282.8
280.4
273.3
270.9
273.3
271
263.9
266.3
261.6
259.2
256.8
256.9
252.1
247.4
237.9
202.2
235.6
207
214.2
192.7
190.4
218.9
233.2
183.2
228.5
178.5
180.9
181
185.8
193
193
188.2
185.9
188.3
181.2
176.4
174
188.3
174.1
178.9
178.9
181.3
186.1
186.2
188.6
188.6
188.6
188.6
188.7
188.7
188.7
193.5
193.5
195.9
198.3
200.7
200.7
203.1
210.3
208
188.9
203.2
203.3
198.5
200.9
210.5
198.6
215.3
224.8
224.9
234.4
227.3
222.5
217.8
217.9
220.3
229.8
234.6
244.1
256
270.3
263.2
251.3
265.6
256.1
249
249
244.3
253.8
258.6
268.1
284.8
275.3
292
313.5
306.3
315.9
318.3
320.7
323.1
332.7
330.3
332.7
339.9
342.3
344.7
349.5
356.6
359
359
363.8
366.3
368.7
371.1
385.4
385.4
378.3
383