33.6
33.7
33.8
26.7
33.8
33.9
33.9
29.2
34
36.4
34
36.4
41.2
43.6
43.6
46.1
48.5
48.5
50.9
50.9
53.3
55.7
55.8
55.8
55.8
65.3
58.2
60.6
65.4
63
65.4
72.6
72.6
75.1
75.1
79.9
79.9
84.7
84.7
87.1
96.7
91.9
103.9
106.2
111
111
113.4
113.4
123
127.8
127.8
130.2
132.6
134.9
135
142.1
146.9
151.7
154.1
158.9
161.3
166.1
173.2
170.8
180.4
178
185.2
182.8
192.3
199.5
204.2
209
216.2
211.4
220.9
216.2
228.1
218.6
230.5
247.2
244.8
237.7
256.7
249.6
261.5
256.8
266.3
275.8
268.7
273.5
278.2
275.9
283
287.8
295
297.4
304.5
302.2
311.7
316.5
321.3
323.7
326.1
333.3
335.6
342.8
340.4
352.4
347.6
359.6
354.8
364.3
362
371.5
378.7
383.5
388.2
393
402.6
395.4
412.1
405
431.2
412.1
419.3
426.4
440.7
436
445.5
457.5
464.6
462.3
464.7
469.5
474.2
476.6
474.3
481.5
479.1
486.3
483.9
493.5
495.9
493.5
498.3
498.3
503.1
505.5
505.6
508
508
508.1
508.1
510.5
510.5
510.5
510.5
513
510.6
510.6
510.7
510.8
510.8
510.9
511
513.4
515.9
518.3
523.1
532.7
537.5
547.1
556.7
568.6
580.5
590.1
602
613.9
628.2
637.8
652.1
666.4
630.7
647.4
714.1
714.1
706.9
704.5
690.2
685.5
676
723.6
699.8
716.5
726
740.4
738
745.2
735.7
745.2
735.7
733.4
735.8
735.8
740.6
724
728.7
714.5
716.9
705
705
697.9
688.5
690.9
683.7
681.3
671.8
667.1
660
655.3
638.6
633.9
631.5
619.6
622
603
591.1
581.6
562.6
555.4
538.8
527
517.5
510.4
510.5
510.6
508.3
508.3
508.4
515.6
508.5
515.7
511
518.1
518.2
525.4
511.1
527.8
520.7
520.7
523.1
537.4
530.3
542.2
539.8
535.1
544.6
544.7
544.7
544.7
549.5
554.4
549.6
554.4
554.5
549.7
549.8
554.7
547.6
542.9
533.5
526.4
519.3
502.7
488.5
476.6
450.5
443.4
443.4
431.6
426.8
412.5
398.3
388.7
376.9
367.4
360.2
355.5
355.6
350.8
348.5
346.2
341.5
336.8
332
329.7
324.9
322.6
317.9
317.9
317.9
308.4
303.7
298.9
294.2
294.3
294.3
289.6
282.5
277.7
273
270.6
275.4
277.8
285
280.3
277.9
270.8
270.8
263.6
263.6
261.3
251.8
249.4
247
244.6
237.5
237.5
235.1
230.4
230.4
230.4
235.2
242.4
244.8
240
230.5
230.5
225.8
223.4
213.9
213.9
206.8
204.4
197.2
192.5
190.1
197.3
187.8
185.4
190.2
195
199.8
197.4
199.8
202.2
197.4
190.3
185.6
185.6
180.8
178.5
173.7
168.9
166.6
161.9
166.6
159.5
159.5
159.5
159.6
159.6
159.6
159.6
159.7
169.2
164.4
162
169.2
164.5
171.6
171.6
166.9
166.9
157.4
147.8
143.1
140.8
140.8
140.8
138.4
128.9
119.4
117.1
119.6
129.2
136.4
138.8
134
126.9
122.1
126.9
119.8
124.6
124.6
136.5
131.8
129.4
136.5
143.7
150.9
153.3
148.5
153.3
158
160.4
165.2
165.3
158.1
163
177.3
189.2
201.1
208.3
208.3
196.5
196.5
203.7
218
229.9
258.6
258.6
258.6
268.2
275.4
284.9
292.1
296.9
301.7
311.2
327.9
318.4
339.8
344.6
351.8
363.8
366.2
373.4
378.1
378.2