28.9
36.1
36.1
36.2
38.6
29.1
29.1
48.2
33.9
48.2
53
38.8
55.5
43.6
48.4
50.8
62.8
53.2
65.2
55.7
60.5
67.6
67.7
67.7
74.9
82.1
75
82.1
89.3
87
94.2
101.3
103.7
99
103.8
110.9
111
113.4
113.4
120.6
130.2
130.2
137.4
139.8
173.1
144.6
149.4
147
161.3
156.5
170.8
163.7
180.4
178.1
206.7
190
201.9
209.1
202
223.5
206.8
230.6
216.3
233
223.5
242.6
230.7
247.4
242.7
249.8
257
257
257
264.2
261.8
264.2
264.2
266.6
273.8
283.3
276.2
292.8
292.8
292.9
297.7
295.3
304.8
302.5
312
333.5
314.4
324
352.6
352.6
333.6
345.6
357.5
369.5
379.1
371.9
388.6
383.9
393.4
398.2
407.8
407.8
417.4
422.1
419.8
436.5
429.4
443.7
439
455.6
467.6
458.1
479.6
474.8
489.1
484.4
489.2
503.5
503.5
515.4
513.1
527.4
527.4
541.7
544.1
553.7
556.1
575.2
572.8
584.8
594.3
601.5
608.7
618.2
630.2
613.5
651.7
630.2
658.8
649.4
666.1
682.8
682.8
666.1
680.4
682.8
675.7
699.6
687.7
690.1
706.8
694.9
697.3
706.9
699.7
702.1
709.3
709.3
709.3
711.8
723.7
723.7
723.7
714.2
709.4
723.7
723.7
723.7
723.7
709.5
723.8
721.4
714.3
721.4
721.4
709.6
707.2
702.5
721.5
714.4
714.4
707.3
709.7
707.3
697.8
714.5
702.6
688.3
697.9
707.4
686
695.5
697.9
678.9
690.8
671.8
679
669.5
662.4
652.9
650.5
652.9
650.6
643.4
643.5
641.1
638.7
643.5
634
636.4
631.6
629.3
638.8
626.9
624.6
622.2
619.8
622.3
612.8
617.5
617.6
605.7
612.8
603.3
615.3
605.8
598.7
596.3
596.4
594
591.6
591.7
594.1
601.3
601.3
584.6
587
584.7
584.7
589.5
584.7
582.4
577.7
577.7
577.7
577.8
577.8
577.8
577.9
577.9
577.9
578
578
575.6
573.3
575.7
578.1
571
575.8
575.8
573.5
564
554.6
554.6
554.7
547.6
540.5
550
535.8
533.4
528.7
514.5
528.8
521.7
521.7
517
500.3
507.5
495.6
488.5
486.1
474.2
486.1
455.2
471.9
462.4
443.3
471.9
436.2
438.6
426.8
422
431.6
419.7
422.1
407.8
407.8
400.7
388.8
386.5
384.1
367.5
369.9
360.4
353.2
346.1
346.2
341.4
317.6
312.9
329.6
329.6
329.6
315.3
313
310.6
310.6
308.2
308.2
303.6
310.7
298.8
296.5
296.5
289.4
301.3
287
279.9
275.2
263.3
263.3
268.1
289.6
289.6
263.4
261.1
261.1
254
265.9
254
261.2
251.7
254.1
247
251.8
244.7
239.9
237.5
237.5
232.8
230.4
235.2
228.1
218.6
216.2
213.9
216.3
218.7
204.4
204.4
199.7
209.3
192.6
190.2
190.2
183.2
180.8
195.1
171.3
161.9
176.2
157.2
176.2
157.2
147.7
152.5
164.4
162.1
152.6
152.6
140.7
140.7
143.1
133.7
136.1
138.5
133.7
131.4
129
131.5
129.1
129.1
129.2
129.3
134.1
129.3
129.3
129.3
129.3
134.1
134.2
143.7
134.2
139
136.6
139
160.5
143.8
143.8
151
170.1
148.6
158.2
167.7
163
179.7
186.8
186.8
194
172.6
172.6
198.8
201.2
189.4
201.3
201.3
191.8
199
194.3
191.9
187.3
187.3
173
180.2
175.4
170.7
168.4
161.3
161.3
161.3
149.5
144.8
144.8
135.3
133
128.2